[gd_scene load_steps=11 format=3 uid="uid://dl2ed4gkybggf"]

[ext_resource type="Script" path="res://examples/kenney_platformer/scripts/player.gd" id="1_ffboj"]
[ext_resource type="PackedScene" uid="uid://c0e27836xgmhi" path="res://examples/kenney_platformer/objects/character.tscn" id="2_nero3"]
[ext_resource type="Texture2D" uid="uid://8ggihh27mlrr" path="res://examples/kenney_platformer/sprites/blob_shadow.png" id="3_0c7wt"]
[ext_resource type="PackedScene" uid="uid://kwottvmkrb6w" path="res://examples/hello/models/godot_logo/scene.gltf" id="3_vhu60"]
[ext_resource type="ArrayMesh" uid="uid://deu06eho4c74" path="res://examples/kenney_platformer/meshes/dust.res" id="4_mvhqy"]
[ext_resource type="Script" path="res://examples/hello/models/godot_logo/blinking.gd" id="4_n8oi4"]
[ext_resource type="AudioStream" uid="uid://cydjn1ct3hps2" path="res://examples/kenney_platformer/sounds/walking.ogg" id="5_ics1s"]

[sub_resource type="CapsuleShape3D" id="CapsuleShape3D_gdq8c"]
radius = 0.3
height = 1.0

[sub_resource type="StandardMaterial3D" id="StandardMaterial3D_q7stj"]
diffuse_mode = 2
specular_mode = 2
metallic_specular = 0.0
backlight = Color(0, 0.521569, 0.709804, 1)
billboard_keep_scale = true
grow_amount = 1.882
proximity_fade_distance = 0.25

[sub_resource type="Curve" id="Curve_xh1e2"]
_data = [Vector2(0, 0), 0.0, 0.0, 0, 0, Vector2(0.249284, 1), 0.0, 0.0, 0, 0, Vector2(1, 0), 0.0, 0.0, 0, 0]
point_count = 3

[node name="Player" type="CharacterBody3D"]
transform = Transform3D(1, 0, 0, 0, 1, 0, 0, 0, 1, 0, 0.5, 0)
script = ExtResource("1_ffboj")

[node name="Collider" type="CollisionShape3D" parent="."]
transform = Transform3D(1, 0, 0, 0, 1, 0, 0, 0, 1, 0, 0.55, 0)
shape = SubResource("CapsuleShape3D_gdq8c")

[node name="Character" parent="." instance=ExtResource("2_nero3")]

[node name="root" parent="Character/character" index="0"]
transform = Transform3D(1, 0, 0, 0, 1, 0, 0, 0, 1, 0, 0.039768, 9.02389e-17)

[node name="leg-left" parent="Character/character/root" index="0"]
transform = Transform3D(1, 0, 0, 0, 0.998477, -0.0551715, 0, 0.0551715, 0.998477, 0.125, 0.183805, -0.0447526)

[node name="leg-right" parent="Character/character/root" index="1"]
transform = Transform3D(1, 0, 0, 0, 0.998477, 0.0551715, 0, -0.0551715, 0.998477, -0.125, 0.178716, -0.00518778)

[node name="torso" parent="Character/character/root" index="2"]
transform = Transform3D(0.99988, 0.000675873, 0.0154848, -0.000535728, 0.999958, -0.00905285, -0.0154903, 0.00904347, 0.999838, -1.80478e-15, 0.17625, -0.02375)

[node name="arm-left" parent="Character/character/root/torso" index="0"]
transform = Transform3D(0.732734, 0.680509, -0.00293125, -0.680509, 0.732739, 0.00124445, 0.0029947, 0.0010829, 0.999995, 0.3, 0.175, 0)

[node name="arm-right" parent="Character/character/root/torso" index="1"]
transform = Transform3D(0.732734, -0.680509, 0.00293125, 0.680509, 0.732739, 0.00124445, -0.0029947, 0.0010829, 0.999995, -0.3, 0.1195, 0)

[node name="antenna" parent="Character/character/root/torso" index="2"]
transform = Transform3D(1, 0, 0, 0, 0.999588, 0.0286574, 0, -0.0286574, 0.999588, 0, 0.6, 0)

[node name="Godot_Head" parent="Character/character/root/torso" index="3" instance=ExtResource("3_vhu60")]
transform = Transform3D(0.229981, 8.52303e-05, -0.00295384, 5.66202e-05, 0.229735, 0.0110371, 0.00295453, -0.011037, 0.229716, -0.00472002, 0.303365, 0.360322)
script = ExtResource("4_n8oi4")

[node name="Shadow" type="Decal" parent="."]
transform = Transform3D(1, 0, 0, 0, 1, 0, 0, 0, 1, 0, -0.9, 0)
size = Vector3(1, 2, 1)
texture_albedo = ExtResource("3_0c7wt")
modulate = Color(1, 1, 1, 0.705882)
normal_fade = 0.5

[node name="ParticlesTrail" type="CPUParticles3D" parent="."]
material_override = SubResource("StandardMaterial3D_q7stj")
cast_shadow = 0
amount = 60
mesh = ExtResource("4_mvhqy")
emission_shape = 1
emission_sphere_radius = 0.2
particle_flag_align_y = true
direction = Vector3(0, 0, 0)
gravity = Vector3(0, 0.1, 0)
scale_amount_min = 0.75
scale_amount_curve = SubResource("Curve_xh1e2")

[node name="SoundFootsteps" type="AudioStreamPlayer" parent="."]
stream = ExtResource("5_ics1s")
volume_db = -5.0
pitch_scale = 1.25
autoplay = true

[editable path="Character"]
